   2.8500000e+02   2.9300000e+02   5.9800000e+02   4.8000000e+02   0.0000000e+00
   2.7300000e+02   2.6700000e+02   6.1400000e+02   4.7300000e+02   0.0000000e+00
   2.8400000e+02   2.7100000e+02   6.7100000e+02   4.9600000e+02   0.0000000e+00
   2.5600000e+02   2.5400000e+02   6.4100000e+02   4.6000000e+02   0.0000000e+00
   2.8200000e+02   2.7400000e+02   6.4100000e+02   4.8800000e+02   0.0000000e+00
   2.3800000e+02   2.2600000e+02   6.7600000e+02   4.7600000e+02   0.0000000e+00
   2.7100000e+02   2.6200000e+02   6.4000000e+02   4.8000000e+02   0.0000000e+00
   2.9500000e+02   2.7400000e+02   6.6400000e+02   5.0100000e+02   0.0000000e+00
   2.8000000e+02   2.6800000e+02   6.1600000e+02   5.0400000e+02   0.0000000e+00
   2.8300000e+02   2.7100000e+02   6.6100000e+02   5.1000000e+02   0.0000000e+00
   2.7800000e+02   2.7400000e+02   6.6200000e+02   4.8800000e+02   0.0000000e+00
   2.7800000e+02   2.7000000e+02   5.7000000e+02   4.8800000e+02   0.0000000e+00
   2.8200000e+02   2.7800000e+02   6.0400000e+02   3.8800000e+02   0.0000000e+00
   2.8400000e+02   2.8200000e+02   6.7200000e+02   4.5800000e+02   0.0000000e+00
   2.6800000e+02   2.5600000e+02   5.4000000e+02   4.7000000e+02   0.0000000e+00
   2.2000000e+02   2.4700000e+02   6.4900000e+02   4.8000000e+02   0.0000000e+00
   2.3800000e+02   2.5000000e+02   6.6700000e+02   4.8000000e+02   0.0000000e+00
   2.9000000e+02   2.9000000e+02   6.1000000e+02   4.8000000e+02   0.0000000e+00
   2.9000000e+02   2.8200000e+02   5.6800000e+02   5.2000000e+02   0.0000000e+00
   2.4200000e+02   2.5000000e+02   6.4000000e+02   4.8000000e+02   0.0000000e+00
