   1.1000000e+02   1.1300000e+02   6.1100000e+02   4.8000000e+02   0.0000000e+00
   9.6000000e+01   9.5000000e+01   6.2700000e+02   4.6600000e+02   0.0000000e+00
   8.0000000e+01   7.9000000e+01   6.6500000e+02   4.9000000e+02   0.0000000e+00
   1.1000000e+02   1.0600000e+02   6.4800000e+02   4.4600000e+02   0.0000000e+00
   8.6000000e+01   8.2000000e+01   6.2400000e+02   4.8000000e+02   0.0000000e+00
   7.0000000e+01   7.0000000e+01   6.5600000e+02   4.7600000e+02   0.0000000e+00
   8.6000000e+01   8.5000000e+01   6.5200000e+02   4.8000000e+02   0.0000000e+00
   1.0100000e+02   9.2000000e+01   6.7900000e+02   4.8900000e+02   0.0000000e+00
   1.0100000e+02   9.8000000e+01   6.0400000e+02   5.0400000e+02   0.0000000e+00
   1.1000000e+02   1.0700000e+02   6.7300000e+02   5.2200000e+02   0.0000000e+00
   1.2000000e+02   1.2200000e+02   6.5600000e+02   4.8800000e+02   0.0000000e+00
   8.2000000e+01   8.2000000e+01   5.8400000e+02   4.8000000e+02   0.0000000e+00
   9.8000000e+01   9.4000000e+01   6.1200000e+02   3.9200000e+02   0.0000000e+00
   1.1400000e+02   1.1400000e+02   6.9600000e+02   4.6400000e+02   0.0000000e+00
   9.0000000e+01   9.0000000e+01   5.5000000e+02   4.6000000e+02   0.0000000e+00
   8.0000000e+01   8.0000000e+01   6.4000000e+02   4.7400000e+02   0.0000000e+00
   8.3000000e+01   8.3000000e+01   6.5800000e+02   4.7400000e+02   0.0000000e+00
   1.0000000e+02   1.0000000e+02   5.9500000e+02   4.5500000e+02   0.0000000e+00
   1.0600000e+02   1.0600000e+02   5.8400000e+02   5.1200000e+02   0.0000000e+00
   1.0600000e+02   9.8000000e+01   6.3200000e+02   4.8000000e+02   0.0000000e+00
